0 FILE mantis_model.io
0 Untitled Model
0 Name:  mantis_model
0 Author:  
0 CustomBrick
0 FlexibleBrickControlPointUnitLength -1
0 FlexibleBrickLockedControlPoint 
0 NumOfBricks:  189
1 16 -22.185920 -0.000170 35.923320 0.999945 0.000000 0.010472 0.000000 1.000000 0.000000 -0.010472 0.000000 0.999945 submodel group 1
0 NOFILE
0 FILE SubModel Group 1
0 SubModel Group 1
0 Name:  SubModel Group 1
0 Author:  
0 CustomBrick
0 FlexibleBrickControlPointUnitLength -1
0 FlexibleBrickLockedControlPoint 
0 NumOfBricks:  189
1 16 -11.369700 -132.196600 3.321860 -0.707103 0.000000 0.707096 0.000000 1.000000 0.000000 -0.707087 0.000000 -0.707108 midbod
0 STEP
1 16 -103.051900 -234.621800 117.078100 0.405577 -0.579225 0.707108 0.819152 0.573576 0.000000 -0.405582 0.579231 0.707101 leg
1 16 107.674500 -234.621400 102.934700 -0.405581 0.579226 0.707103 0.819150 0.573580 0.000000 -0.405577 0.579221 -0.707111 leg
1 16 93.531760 -234.621800 -107.791300 -0.405577 0.579225 -0.707108 0.819152 0.573576 0.000000 0.405582 -0.579231 -0.707101 leg
1 16 -103.052700 -234.621400 -107.790000 0.405581 -0.579227 -0.707103 0.819150 0.573579 0.000000 0.405577 -0.579222 0.707111 leg
0 STEP
1 16 22.142010 -199.700900 4.308780 0.000000 0.000000 1.000000 0.000000 1.000000 0.000000 -1.000000 0.000000 0.000000 topassembly
0 STEP
0 NOFILE
0 FILE MidBod
0 MidBod
0 Name:  MidBod
0 Author:  
0 CustomBrick
0 FlexibleBrickControlPointUnitLength -1
0 FlexibleBrickLockedControlPoint 
0 NumOfBricks:  27
1 0 -5.608490 -8.000110 3.739170 1.000000 0.000002 0.000000 -0.000001 1.000008 0.000000 0.000000 0.000000 1.000000 3031.dat
1 0 -5.608490 -16.000180 3.739170 1.000000 0.000002 0.000000 -0.000001 1.000008 0.000000 0.000000 0.000000 1.000000 3022.dat
1 36 14.391480 -16.000200 -36.260840 1.000000 0.000002 0.000000 -0.000001 1.000008 0.000000 0.000000 0.000000 1.000000 6141.dat
1 36 34.391480 -16.000220 -16.260830 1.000000 0.000002 0.000000 -0.000001 1.000008 0.000000 0.000000 0.000000 1.000000 6141.dat
1 0 4.391500 -16.000120 43.739160 0.000000 0.000000 -1.000000 0.000000 1.000000 0.000000 1.000000 0.000000 0.000000 44302.dat
1 0 34.391510 -16.000140 13.739170 1.000000 0.000000 0.000000 0.000000 1.000000 0.000000 0.000000 0.000000 1.000000 44302.dat
1 0 -15.608490 -16.000100 -36.260860 0.000001 0.000000 1.000000 0.000000 1.000000 0.000000 -1.000000 0.000000 0.000001 44302.dat
1 0 -45.608500 -16.000080 13.739170 -1.000000 0.000000 0.000001 0.000000 1.000000 0.000000 -0.000001 0.000000 -1.000000 44302.dat
0 STEP
1 0 24.391520 -24.000160 -26.261020 1.000005 0.000002 0.000000 -0.000002 1.000000 0.000000 0.000000 0.000000 1.000005 2450.dat
1 0 -35.608810 -24.000030 -26.261020 0.000000 0.000002 1.000005 0.000000 1.000000 -0.000002 -1.000005 0.000000 0.000000 2450.dat
1 0 -35.608420 -24.000040 33.740390 -1.000000 0.000002 0.000000 0.000002 1.000000 0.000000 0.000000 0.000000 -1.000000 2450.dat
1 0 24.391480 -24.000160 33.739140 0.000000 0.000002 -1.000005 0.000000 1.000000 0.000002 1.000005 0.000000 0.000000 2450.dat
0 STEP
1 29 -5.608770 -48.000110 3.739010 1.000005 0.000002 0.000000 -0.000002 1.000000 0.000000 0.000000 0.000000 1.000005 3003.dat
1 320 24.391120 -48.000160 -26.261050 1.000001 0.000001 0.000000 -0.000002 0.999992 0.000000 0.000000 0.000000 1.000001 13548.dat
1 0 -5.608850 -48.000100 -26.261050 1.000001 0.000001 0.000000 -0.000001 1.000000 0.000000 0.000000 0.000000 1.000001 3039.dat
1 0 -35.608910 -48.000060 -26.261050 0.000000 0.000001 1.000000 0.000000 1.000000 -0.000001 -1.000000 0.000000 0.000000 13548.dat
1 0 -35.608910 -48.000060 3.738950 0.000000 0.000001 1.000001 0.000000 1.000000 -0.000001 -1.000001 0.000000 0.000000 3039.dat
1 0 -5.608840 -48.000100 33.739230 -1.000000 0.000001 0.000000 0.000001 1.000000 0.000000 0.000000 0.000000 -1.000000 3039.dat
1 0 -35.608940 -48.000060 33.739080 -1.000001 0.000001 0.000000 0.000001 1.000000 0.000000 0.000000 0.000000 -1.000001 13548.dat
1 0 24.391070 -48.000160 33.739080 0.000000 0.000001 -1.000001 0.000000 1.000000 0.000001 1.000000 0.000000 0.000000 13548.dat
1 0 24.391100 -48.000160 3.738950 0.000000 0.000001 -1.000001 0.000000 1.000000 0.000001 1.000001 0.000000 0.000000 3039.dat
0 STEP
1 0 -5.608880 -56.000120 3.738950 1.000001 0.000001 0.000000 -0.000001 1.000000 0.000000 0.000000 0.000000 1.000001 3031.dat
1 0 -5.608930 -64.000100 3.738950 1.000001 0.000001 0.000000 -0.000001 1.000000 0.000000 0.000000 0.000000 1.000001 3680c01.dat copy
1 0 24.391150 -64.000160 3.738940 0.000000 0.000000 -1.000000 0.000000 1.000000 0.000000 1.000000 0.000000 0.000000 2412b.dat
1 0 -5.608900 -64.000110 -26.261080 -1.000000 0.000000 0.000000 0.000000 1.000000 0.000000 0.000000 0.000000 -1.000000 2412b.dat
1 0 -5.608870 -64.000130 33.738980 -1.000000 0.000000 0.000000 0.000000 1.000000 0.000000 0.000000 0.000000 -1.000000 2412b.dat
1 0 -35.608910 -64.000100 3.738960 0.000000 0.000000 -1.000000 0.000000 1.000000 0.000000 1.000000 0.000000 0.000000 2412b.dat
0 STEP
0 NOFILE
0 FILE 3680c01.dat Copy
0 Turntable 2 x 2 Plate with Light Gray Top (3680 / 3679)
0 Name:  3680c01
0 Author:  Jonathan Wilson [jonwil]
0 FlexibleBrick:  3680c01.dat
0 FlexibleBrickControlPointUnitLength -1
0 FlexibleBrickLockedControlPoint 
1 0 0.000000 0.000000 0.000000 0.000000 0.000000 -1.000000 0.000000 1.000000 0.000000 1.000000 0.000000 0.000000 3679.dat
1 16 0.000000 0.000000 0.000000 1.000000 0.000000 0.000000 0.000000 1.000000 0.000000 0.000000 0.000000 1.000000 3680.dat
0 NOFILE
0 FILE Leg
0 Leg
0 Name:  Leg
0 Author:  
0 CustomBrick
0 FlexibleBrickControlPointUnitLength -1
0 FlexibleBrickLockedControlPoint 
0 NumOfBricks:  13
1 320 67.749970 -8.000040 0.000060 1.000000 0.000002 0.000000 -0.000002 1.000000 0.000000 0.000000 0.000000 1.000000 3023b.dat
1 0 87.749910 -16.000050 0.000060 1.000000 0.000002 0.000000 -0.000002 1.000000 0.000000 0.000000 0.000000 1.000000 44301.dat
1 0 47.749910 -15.999990 0.000060 -1.000000 0.000002 0.000000 0.000002 1.000000 0.000000 0.000000 0.000000 -1.000000 44301.dat
1 0 67.750760 -23.999990 0.000000 1.000001 0.000002 0.000000 -0.000002 1.000000 0.000000 0.000000 0.000000 1.000001 2412b.dat
0 STEP
1 0 20.056800 56.674100 -0.000330 -0.173650 0.984808 0.000000 -0.984808 -0.173652 0.000000 0.000000 0.000000 1.000000 3666.dat
1 0 12.178410 58.063340 -0.000380 -0.173650 0.984808 0.000000 -0.984808 -0.173652 0.000000 0.000000 0.000000 1.000000 2412b.dat
1 36 6.968970 28.519100 -0.000380 -0.173650 0.984808 0.000000 -0.984808 -0.173652 0.000000 0.000000 0.000000 1.000000 6141.dat
1 0 38.354530 114.372400 0.000080 -0.173648 0.984808 0.000000 -0.984808 -0.173648 0.000000 0.000000 0.000000 1.000000 57906.dat
1 0 3.495850 8.822909 -0.000340 0.000000 0.984807 0.173651 0.000001 -0.173651 0.984807 1.000000 0.000000 -0.000001 49668.dat
0 STEP
1 36 38.483070 22.961210 -0.000330 -0.173651 0.984808 0.000000 -0.984808 -0.173652 0.000000 0.000000 0.000000 1.000001 6141.dat
1 0 34.077570 44.046620 -0.000390 0.000000 0.984809 -0.173648 0.000000 -0.173649 -0.984808 -1.000001 0.000000 0.000000 13547.dat
1 0 35.010060 3.265020 -0.000390 0.000000 0.984809 0.173649 0.000000 -0.173650 0.984808 1.000001 0.000000 0.000000 24201.dat
1 0 32.341060 34.198500 -0.000390 0.173649 0.984809 0.000000 0.984808 -0.173650 0.000000 0.000000 0.000000 -1.000001 3710.dat
0 STEP
0 NOFILE
0 FILE TopAssembly
0 TopAssembly
0 Name:  TopAssembly
0 Author:  
0 CustomBrick
0 FlexibleBrickControlPointUnitLength -1
0 FlexibleBrickLockedControlPoint 
0 NumOfBricks:  110
1 16 -58.329020 -24.154800 -28.153850 0.000000 0.866024 0.500002 0.000001 0.500002 -0.866024 -1.000000 0.000000 -0.000001 botwingr
0 STEP
1 16 -42.384830 -55.111720 -6.594050 0.333921 0.471613 0.816136 0.471610 0.666080 -0.577860 -0.816138 0.577857 0.000000 topwingr
0 STEP
1 16 89.683260 -0.949460 -30.711650 0.819150 -0.000004 0.573579 -0.000003 1.000000 0.000012 -0.573579 -0.000011 0.819151 botwingl
0 STEP
1 16 79.130550 -46.199220 -6.408540 0.588419 0.694659 0.413778 -0.569027 0.719339 -0.398447 -0.574431 -0.000997 0.818553 topwingl
0 STEP
1 16 -2.358760 -0.495720 -25.765870 1.000000 0.000000 0.000000 0.000000 1.000000 0.000000 0.000000 0.000000 1.000000 bodybottom
0 STEP
1 16 -2.358780 -48.495780 17.789770 1.000000 0.000000 0.000000 0.000000 1.000000 0.000000 0.000000 0.000000 1.000000 head
0 STEP
0 NOFILE
0 FILE BotWingR
0 BotWingR
0 Name:  BotWingR
0 Author:  
0 CustomBrick
0 FlexibleBrickControlPointUnitLength -1
0 FlexibleBrickLockedControlPoint 
0 NumOfBricks:  15
1 0 -6.458620 -8.000090 2.332890 -1.000000 -0.000001 0.000001 -0.000001 1.000007 0.000001 -0.000001 0.000001 -1.000000 60471.dat
1 0 -26.458460 -16.000160 2.333190 -1.000007 -0.000001 0.000001 -0.000001 1.000007 0.000001 -0.000001 0.000001 -1.000007 60471.dat
1 36 3.541750 -16.000130 2.333130 -1.000007 -0.000001 0.000001 -0.000001 1.000007 0.000001 -0.000001 0.000001 -1.000007 6141.dat
0 STEP
1 0 -16.458280 -24.000210 2.333130 1.000007 -0.000001 -0.000001 0.000001 1.000007 -0.000001 0.000001 0.000001 1.000007 44300.dat
1 0 -19.885530 -48.845960 2.333070 0.819152 -0.573577 0.000000 0.573579 0.819157 -0.000001 0.000001 0.000001 1.000000 44302.dat
1 0 -15.296880 -55.399170 2.333560 0.819155 -0.573577 0.000000 0.573581 0.819157 -0.000001 0.000001 0.000001 1.000004 3023b.dat
0 STEP
1 320 22.058020 -39.009100 -7.666440 0.000000 -0.573577 -0.819155 -0.000001 0.819157 -0.573581 1.000004 0.000001 -0.000001 41769.dat
0 STEP
1 320 -27.091370 -73.424060 -7.666560 0.000001 -0.573577 0.819155 0.000001 0.819157 0.573581 -1.000004 0.000001 0.000001 26601.dat
1 36 -14.311190 -74.241440 -17.666560 0.000000 -0.573577 -0.819155 -0.000001 0.819157 -0.573581 1.000004 0.000001 -0.000001 6141.dat
1 4 -6.119960 -68.504340 12.333560 0.000000 -0.573577 -0.819155 -0.000001 0.819154 -0.573578 1.000004 0.000001 -0.000001 41770.dat
1 320 51.221130 -28.354990 12.333500 0.000000 -0.573577 -0.819154 -0.000001 0.819157 -0.573580 1.000002 0.000001 -0.000001 43723.dat
1 36 -26.105560 -92.266390 2.333560 0.000000 -0.573577 -0.819152 -0.000001 0.819157 -0.573579 1.000000 0.000001 -0.000001 6141.dat
1 36 -9.722500 -80.794720 2.333500 0.000000 -0.573577 -0.819155 -0.000001 0.819157 -0.573581 1.000004 0.000001 -0.000001 6141.dat
1 36 6.660580 -69.323090 2.333560 0.000000 -0.573577 -0.819155 -0.000001 0.819157 -0.573581 1.000004 0.000001 -0.000001 6141.dat
1 36 39.426820 -46.379780 2.333560 0.000000 -0.573577 -0.819155 -0.000001 0.819157 -0.573581 1.000004 0.000001 -0.000001 6141.dat
0 STEP
0 NOFILE
0 FILE TopWingR
0 TopWingR
0 Name:  TopWingR
0 Author:  
0 CustomBrick
0 FlexibleBrickControlPointUnitLength -1
0 FlexibleBrickLockedControlPoint 
0 NumOfBricks:  13
1 0 -8.620870 -3.698420 3.538540 0.816137 0.577858 0.000000 -0.577859 0.816137 -0.000001 0.000000 0.000001 1.000000 44567.dat
1 0 -5.082240 -16.006220 3.538470 0.816137 0.577858 0.000000 -0.577860 0.816136 0.000000 0.000000 0.000000 1.000000 44300.dat
0 STEP
1 0 -22.226740 -34.460130 3.538450 0.999999 0.000000 -0.000001 -0.000001 1.000001 0.000000 0.000001 0.000000 1.000000 44302.dat
1 0 -32.226810 -42.459880 3.538390 0.999998 0.000000 0.000000 -0.000001 0.999994 0.000001 0.000000 -0.000001 0.999993 3623.dat
0 STEP
1 320 -2.226710 -50.459940 -6.461550 0.000000 0.000000 -0.999998 0.000001 0.999994 0.000001 0.999993 -0.000001 0.000000 41769.dat
0 STEP
1 320 -62.226700 -50.459820 -6.461630 0.000000 0.000000 0.999998 -0.000001 0.999994 -0.000001 -0.999993 -0.000001 0.000000 26601.dat
1 36 -52.226720 -58.459840 -16.461570 0.999998 0.000000 0.000000 -0.000001 0.999994 0.000001 0.000000 -0.000001 0.999993 6141.dat
1 320 7.773310 -58.459900 13.538320 0.000000 0.000000 -0.999998 0.000001 0.999994 0.000001 0.999993 -0.000001 0.000000 43723.dat
1 4 -62.226670 -58.459800 13.538370 0.000000 0.000000 -0.999998 0.000001 0.999994 0.000001 0.999993 -0.000001 0.000000 41770.dat
1 36 -12.226790 -66.459900 3.538370 0.999998 0.000000 0.000000 -0.000001 0.999994 0.000001 0.000000 -0.000001 0.999993 6141.dat
1 36 -52.226730 -66.459780 3.538360 0.999998 0.000000 0.000000 -0.000001 0.999994 0.000001 0.000000 -0.000001 0.999993 6141.dat
1 36 -72.226700 -66.459540 3.538360 0.999996 -0.000004 0.000000 -0.000004 0.999987 0.000001 0.000000 -0.000001 0.999993 6141.dat
1 36 -92.226730 -66.459640 3.538350 0.999998 0.000000 0.000000 -0.000001 0.999994 0.000001 0.000000 -0.000001 0.999993 6141.dat
0 STEP
0 NOFILE
0 FILE BotWingL
0 BotWingL
0 Name:  BotWingL
0 Author:  
0 CustomBrick
0 FlexibleBrickControlPointUnitLength -1
0 FlexibleBrickLockedControlPoint 
0 NumOfBricks:  15
1 0 -30.000000 -29.225770 -10.000000 0.573561 -0.709423 0.409569 0.000013 0.499993 0.866030 -0.819163 -0.496716 0.286785 60471.dat
1 0 -35.795840 -33.225720 10.357020 0.573561 -0.709415 0.409573 0.000011 0.499993 0.866022 -0.819163 -0.496715 0.286785 60471.dat
1 36 -18.589140 -33.225500 -14.217860 -0.573561 -0.709415 -0.409574 -0.000010 0.499993 -0.866022 0.819163 -0.496715 -0.286785 6141.dat
1 0 -24.385020 -37.225650 6.139100 0.573561 -0.709415 0.409573 0.000010 0.499993 0.866021 -0.819163 -0.496715 0.286785 44300.dat
0 STEP
1 0 -8.725039 -49.648240 21.287920 0.062931 -0.910099 0.409574 0.286793 0.409564 0.866022 -0.955921 0.062965 0.286785 44302.dat
1 0 -1.444140 -52.924460 20.784250 0.062932 -0.910099 0.409576 0.286795 0.409564 0.866026 -0.955926 0.062965 0.286787 3023b.dat
0 STEP
1 320 12.449460 -36.068930 -15.088860 0.409576 -0.910099 -0.062930 0.866027 0.409564 -0.286793 0.286786 0.062965 0.955921 41770.dat
0 STEP
1 320 8.673670 -53.276860 42.266840 -0.062932 -0.910099 -0.409576 -0.286795 0.409564 -0.866026 0.955926 0.062965 -0.286787 26601.dat
1 36 20.679740 -45.024940 35.071880 0.409576 -0.910099 -0.062932 0.866027 0.409564 -0.286795 0.286786 0.062965 0.955927 6141.dat
1 4 9.021649 -68.137810 16.908820 0.409576 -0.910099 -0.062931 0.866027 0.409564 -0.286795 0.286786 0.062965 0.955927 41769.dat
1 36 19.768810 -65.622010 28.832260 0.409576 -0.910099 -0.062932 0.866026 0.409564 -0.286795 0.286786 0.062965 0.955927 6141.dat
1 36 21.027480 -59.886080 9.713750 0.409576 -0.910099 -0.062932 0.866026 0.409564 -0.286795 0.286786 0.062965 0.955927 6141.dat
1 320 13.427440 -48.062200 -50.005940 0.409577 -0.910098 -0.062933 0.866026 0.409564 -0.286795 0.286786 0.062964 0.955929 43722.dat
1 36 23.544690 -48.414300 -28.523360 0.409576 -0.910099 -0.062932 0.866026 0.409564 -0.286795 0.286786 0.062965 0.955927 6141.dat
1 36 18.510130 -71.357920 47.950800 0.409577 -0.910098 -0.062932 0.866026 0.409564 -0.286796 0.286786 0.062965 0.955929 6141.dat
0 STEP
0 NOFILE
0 FILE TopWingL
0 TopWingL
0 Name:  TopWingL
0 Author:  
0 CustomBrick
0 FlexibleBrickControlPointUnitLength -1
0 FlexibleBrickLockedControlPoint 
0 NumOfBricks:  13
1 0 -15.946070 -40.200170 -5.455060 -0.573584 -0.806702 -0.142244 0.000001 0.173648 -0.984808 0.819146 -0.564870 -0.099600 44567.dat
1 0 -3.756070 -41.589040 -9.127740 0.573589 -0.806710 0.142249 0.000000 0.173648 0.984843 -0.819158 -0.564869 0.099604 44300.dat
0 STEP
1 0 14.321250 -45.903440 7.714380 0.007144 -0.989819 0.142250 0.099600 0.142245 0.984843 -0.995011 0.007139 0.099604 44302.dat
1 0 22.168200 -48.037480 17.607310 0.007144 -0.989819 0.142250 0.099600 0.142245 0.984843 -0.995011 0.007139 0.099604 3623.dat
0 STEP
1 320 31.723640 -36.337780 -11.303840 0.142249 -0.989815 -0.007147 0.984834 0.142245 -0.099600 0.099604 0.007135 0.995012 41770.dat
0 STEP
1 320 31.295260 -42.314080 48.396840 -0.007144 -0.989819 -0.142250 -0.099601 0.142245 -0.984842 0.995011 0.007139 -0.099605 26601.dat
1 36 40.707690 -32.607660 39.385790 0.007144 -0.989819 0.142250 0.099600 0.142245 0.984842 -0.995011 0.007139 0.099604 6141.dat
1 320 36.868880 -56.177700 -23.303510 0.142250 -0.989821 -0.007144 0.984842 0.142246 -0.099600 0.099605 0.007139 0.995011 43722.dat
1 36 46.066640 -49.459180 -2.464100 0.007144 -0.989819 0.142250 0.099600 0.142245 0.984842 -0.995011 0.007139 0.099604 6141.dat
1 4 36.368550 -63.149800 46.347800 0.142250 -0.989819 -0.007143 0.984842 0.142246 -0.099600 0.099605 0.007139 0.995011 41769.dat
1 36 45.781120 -53.443290 37.336200 0.007144 -0.989819 0.142250 0.099600 0.142245 0.984842 -0.995011 0.007139 0.099604 6141.dat
1 36 45.638160 -55.435170 57.236600 0.007144 -0.989819 0.142250 0.099600 0.142245 0.984842 -0.995011 0.007139 0.099604 6141.dat
1 36 45.495080 -57.427250 77.136900 0.007139 -0.989811 0.142247 0.099600 0.142244 0.984825 -0.995007 0.007139 0.099602 6141.dat
0 STEP
0 NOFILE
0 FILE BodyBottom
0 BodyBottom
0 Name:  BodyBottom
0 Author:  
0 CustomBrick
0 FlexibleBrickControlPointUnitLength -1
0 FlexibleBrickLockedControlPoint 
0 NumOfBricks:  23
1 0 0.000060 -8.000080 -5.929340 1.000000 0.000002 0.000000 -0.000002 1.000000 0.000000 0.000000 0.000000 1.000000 3031.dat
1 0 0.000060 -16.000080 -15.929340 1.000000 0.000002 0.000000 -0.000002 1.000000 0.000000 0.000000 0.000000 1.000000 3710.dat
1 0 -9.999980 -32.000050 -35.929340 1.000000 0.000002 0.000000 -0.000002 1.000000 0.000000 0.000000 0.000000 1.000000 7126.dat
1 0 10.000000 -32.000080 -35.929340 1.000000 0.000002 0.000000 -0.000002 1.000000 0.000000 0.000000 0.000000 1.000000 7126.dat
0 STEP
1 0 0.000030 -24.000060 -15.929340 1.000000 0.000002 0.000000 -0.000002 1.000000 0.000000 0.000000 0.000000 1.000000 3023b.dat
1 29 0.000030 -32.000060 4.070650 1.000000 0.000002 0.000000 -0.000002 1.000000 0.000000 0.000000 0.000000 1.000000 3004.dat
1 36 10.000000 -32.000080 -15.929340 1.000000 0.000002 0.000000 -0.000002 1.000000 0.000000 0.000000 0.000000 1.000000 6141.dat
1 36 -9.999980 -32.000050 -15.929340 1.000000 0.000002 0.000000 -0.000002 1.000000 0.000000 0.000000 0.000000 1.000000 6141.dat
1 36 -29.999990 -24.000000 -15.929340 1.000000 0.000002 0.000000 -0.000002 1.000000 0.000000 0.000000 0.000000 1.000000 6141.dat
1 0 -30.000010 -32.000010 14.070640 0.000000 0.000002 1.000000 0.000000 1.000000 -0.000002 -1.000000 0.000000 0.000000 3004.dat
1 36 30.000000 -24.000130 -15.929340 1.000000 0.000002 0.000000 -0.000002 1.000000 0.000000 0.000000 0.000000 1.000000 6141.dat
1 0 0.000030 -32.000060 24.070600 -1.000000 0.000002 0.000000 0.000002 1.000000 0.000000 0.000000 0.000000 -1.000000 3660b.dat
1 0 29.999820 -32.000120 14.070650 0.000000 0.000002 1.000000 0.000000 1.000000 -0.000002 -1.000000 0.000000 0.000000 3004.dat
0 STEP
1 0 -0.000010 -40.000070 14.070640 0.000000 0.000002 1.000000 0.000000 1.000000 -0.000002 -1.000000 0.000000 0.000000 3020.dat
0 STEP
1 0 -29.999990 -48.000020 -15.929340 1.000000 0.000002 0.000000 -0.000002 1.000000 0.000000 0.000000 0.000000 1.000000 87087.dat
1 0 -20.000010 -48.000040 4.070650 -1.000000 0.000002 0.000000 0.000002 1.000000 0.000000 0.000000 0.000000 -1.000000 44301b.dat
1 0 30.000000 -48.000160 -15.929340 1.000000 0.000002 0.000000 -0.000002 1.000000 0.000000 0.000000 0.000000 1.000000 87087.dat
1 320 -0.000010 -48.000080 34.070590 1.000000 0.000002 0.000000 -0.000002 1.000000 0.000000 0.000000 0.000000 1.000000 3022.dat
1 0 20.000000 -48.000120 4.070650 1.000000 0.000002 0.000000 -0.000002 1.000000 0.000000 0.000000 0.000000 1.000000 44301b.dat
1 320 -0.000010 -48.000080 -15.929340 1.000000 0.000002 0.000000 -0.000002 1.000000 0.000000 0.000000 0.000000 1.000000 3023b.dat
1 0 -0.000010 -56.000100 -15.929340 1.000000 0.000002 0.000000 -0.000002 1.000000 0.000000 0.000000 0.000000 1.000000 2431.dat
0 STEP
1 0 -29.999990 -38.000000 -29.741840 0.000002 -0.000001 1.000000 1.000000 0.000000 -0.000003 0.000000 1.000000 0.000000 11089.dat
1 0 30.000000 -38.000130 -29.741840 -0.000002 0.000000 -1.000000 -1.000000 -0.000001 0.000002 -0.000001 1.000000 0.000000 11089.dat
0 STEP
0 NOFILE
0 FILE Head
0 Head
0 Name:  Head
0 Author:  
0 CustomBrick
0 FlexibleBrickControlPointUnitLength -1
0 FlexibleBrickLockedControlPoint 
0 NumOfBricks:  31
1 0 -10.000020 -8.000020 -19.485040 0.000000 0.000002 -1.000000 0.000000 1.000000 0.000002 1.000000 0.000000 0.000000 44300.dat
1 0 9.999949 -8.000060 -19.485040 0.000000 0.000002 -1.000000 0.000000 1.000000 0.000002 1.000000 0.000000 0.000000 44300.dat
1 0 -10.000030 -37.172160 19.674250 0.000000 -0.000001 1.000006 0.726581 0.687088 -0.000001 -0.687093 0.726575 -0.000001 44302.dat
1 0 9.999280 -37.171520 19.673450 0.000000 -0.000001 1.000000 0.726574 0.687088 0.000000 -0.687087 0.726575 0.000000 44302.dat
1 0 0.000020 -53.662220 2.236450 0.000000 -0.000001 1.000006 0.726581 0.687088 -0.000001 -0.687093 0.726575 -0.000001 3003.dat
1 0 0.000020 -89.991230 36.591050 -1.000006 -0.000001 0.000000 0.000001 0.687088 0.726581 0.000001 0.726575 -0.687093 3747b.dat
1 0 0.000020 -75.459620 22.849150 1.000006 -0.000001 0.000000 -0.000001 0.687088 -0.726581 -0.000001 0.726575 0.687093 3004.dat
0 STEP
1 0 0.000260 -73.690530 10.165710 0.000000 -0.000001 1.000006 0.726581 0.687088 -0.000001 -0.687093 0.726575 -0.000001 3795.dat
1 0 0.000050 -124.551200 58.262310 1.000006 -0.000001 0.000000 -0.000001 0.687088 -0.726581 -0.000001 0.726575 0.687093 3023b.dat
0 STEP
1 320 20.000000 -90.180820 -7.272150 1.000006 -0.000001 0.000000 -0.000001 0.687088 -0.726581 -0.000001 0.726575 0.687093 43721.dat
1 320 -19.999980 -90.180740 -7.272080 1.000006 -0.000001 0.000000 -0.000001 0.687088 -0.726581 -0.000001 0.726575 0.687093 43720.dat
1 4 10.000030 -133.775600 33.953470 0.000000 -0.000001 -1.000006 -0.726581 0.687088 0.000001 0.687093 0.726575 0.000001 3039.dat
1 4 -10.000000 -133.775500 33.953580 0.000000 -0.000001 1.000006 0.726581 0.687088 -0.000001 -0.687093 0.726575 -0.000001 3039.dat
0 STEP
1 0 0.000030 -73.880030 -33.697540 -1.000007 -0.000001 0.000001 0.000001 0.687088 0.726581 0.000001 0.726575 -0.687094 2412b.dat
1 0 0.000030 -88.411530 -19.955620 -1.000006 -0.000001 0.000000 0.000001 0.687088 0.726581 0.000001 0.726575 -0.687093 2412b.dat
1 72 -0.000210 -102.943100 -6.213870 -1.000007 -0.000001 0.000001 0.000001 0.687088 0.726581 0.000001 0.726575 -0.687094 2412b.dat
1 72 0.000050 -117.474800 7.528020 -1.000006 -0.000001 0.000000 0.000001 0.687088 0.726581 0.000001 0.726575 -0.687093 2412b.dat
1 71 0.000030 -132.006500 21.269940 -1.000006 -0.000001 0.000000 0.000001 0.687088 0.726581 0.000001 0.726575 -0.687093 2412b.dat
1 71 0.000050 -146.538100 35.011790 -1.000006 -0.000001 0.000000 0.000001 0.687088 0.726581 0.000001 0.726575 -0.687093 2412b.dat
0 STEP
1 0 30.000240 -110.019500 44.520360 0.000000 -0.000001 1.000006 0.726581 0.687088 -0.000001 -0.687093 0.726575 -0.000001 3623.dat
1 0 -29.999970 -110.019400 44.520460 0.000000 -0.000001 1.000006 0.726581 0.687088 -0.000001 -0.687093 0.726575 -0.000001 3623.dat
0 STEP
1 0 0.000020 -22.276920 -57.722260 -1.000006 0.000000 -0.000001 0.000001 -0.726581 0.687088 0.000001 0.687093 0.726575 3937.dat
1 0 10.000020 -53.851730 -41.626770 1.000006 -0.000001 0.000000 -0.000001 0.687088 -0.726581 -0.000001 0.726575 0.687093 87087.dat
1 0 -9.999980 -53.851620 -41.626720 1.000006 -0.000001 0.000000 -0.000001 0.687088 -0.726581 -0.000001 0.726575 0.687093 87087.dat
1 0 10.000020 -53.851730 -41.626770 -1.000006 -0.000001 0.000000 0.000001 0.687088 0.726581 0.000001 0.726575 -0.687093 35464.dat
1 0 -9.999980 -53.851620 -41.626720 -1.000006 -0.000001 0.000000 0.000001 0.687088 0.726581 0.000001 0.726575 -0.687093 35464.dat
0 STEP
1 0 -0.000020 -29.263540 -60.847420 -1.000006 -0.000001 -0.000001 0.000000 -0.027924 0.999612 0.000001 0.999615 0.027919 3938.dat
1 0 0.000020 -38.589450 -85.117370 -0.000001 -0.000001 1.000006 0.999612 -0.027924 -0.000001 0.027919 0.999615 -0.000001 3941.dat
1 0 0.000020 -49.255900 -61.405780 -1.000006 -0.000001 -0.000001 0.000001 -0.027927 0.999611 0.000001 0.999615 0.027920 3023b.dat
0 STEP
1 0 0.000000 -38.366140 -93.114410 -0.000001 -0.000001 1.000006 0.999610 -0.027927 -0.000001 0.027920 0.999615 -0.000001 15535.dat
0 STEP
1 36 0.000000 -38.366140 -93.114410 -1.000006 0.000001 0.000001 0.000001 0.027927 -0.999611 0.000001 -0.999615 -0.027920 6141.dat
0 STEP
0 NOFILE
